   Atom                     Volume(s)
  ------------------------------------------------------------------------
     1   ...      62   65   67   84   92   93   94   95   96  102  123  127  132  135  139  142  146  151  156  159  169  170  172  202  206
     2   ...      70   73   78   79   85   97   98   99  116  124  126  128  136  141  147  152  173  175  177  178  179
     3   ...      37   74   75   80   86   87  100  103  109  117  118  119  130  133  138  143  149  153  154  161  181  182  183  184  185  188  189  190  207
     4   ...      51   53   54   77   83   88   89  101  104  120  121  122  125  131  137  140  144  145  148  150  162  163  191  195  197  198  199  204  205
     5   ...     210  231  235  241  244  251  256  265  271  277  281  292  309  310  327  328  329  335
     6   ...     214  217  232  238  245  267  280  285  287  293  294  303  305  311  330  331
     7   ...     221  224  233  237  246  247  249  257  258  272  278  279  282  288  314  315  316  317  332
     8   ...     227  229  236  239  240  243  248  250  260  269  273  276  283  284  286  289  290  291  307  308  318  319  321  323  324  325  326  333  334
     9   ...     336  344  360  361  369  370  375  379  398  401  407  410  411  416  420  423  426  427  433  434  436  437  450  451
    10   ...     338  348  349  359  362  366  367  371  392  393  395  396  405  412  417  421  428  439  440  452
    11   ...     350  351  363  368  372  373  376  380  391  397  409  415  429  430  431  441
    12   ...     340  355  364  365  374  378  383  394  403  408  413  419  422  425  443  444  445  447  448  449  453
    13   ...       1    2   10   13   14   15   16   17   22  456  457  463  465  467  482  485  486  487  488  498  511  517  526  527  530  532  533  539  540  544  545  549  550  551
    14   ...      24   25   28   29  458  459  469  480  483  489  490  491  499  522  523  525  528  534  536  541  546  547  552  553
    15   ...      40   41   43   44   45   46  454  492  493  505  506  507  512  515  519  520  521  554
    16   ...      52   57   58   59  460  461  474  479  481  484  495  496  513  516  524  529  531  535  537  538  542  543  548  555  556
    17   ...       6   11   66   71  115
    18   ...      20   26   32   69  108
    19   ...      31   33   42   48   81  110  134
    20   ...      12   49   56   63   90  113
    21   ...     171  200  201  213  215  262
    22   ...     174  176  203  218  219  263
    23   ...     167  186  187  222  226  242  259  266
    24   ...     168  192  196  211  230  261  274
    25   ...     296  297  345  346  384  399
    26   ...     299  312  352  356  377  386
    27   ...     295  300  342  357  387
    28   ...      23  424  455  466  503
    29   ...      38  404  414  471  500  518
    30   ...     402  406  418  475  497  501
    31   ...       3    7  432  478  509
    32   ...       4    9   64   68  105  114
    33   ...      19   21   27   36   72  106  107
    34   ...      34   35   39   50   82  111  129
    35   ...       5   55   60   61   76   91  112
    36   ...     157  164  208  212  252
    37   ...     160  165  216  220  253
    38   ...     158  166  180  223  225  234  254  264  268  275
    39   ...     155  193  194  209  228  255  270
    40   ...     301  302  343  347  388
    41   ...     298  304  337  339  382  385
    42   ...     306  313  353  354  389
    43   ...     320  322  341  358  381  390  400
    44   ...      18  435  464  468  502  514
    45   ...      30  438  470  472  504
    46   ...      47  442  473  476  508
    47   ...       8  446  462  477  494  510
  ------------------------------------------------------------------------
