    #         X           Y           Z        CHARGE     ATOM    DISTANCE
  -------------------------------------------------------------------------
    1     21.9047      1.5083     20.9970      0.2444      13      0.8487
    2     21.4358      1.6243     21.9156      0.0895      13      0.8536
    3      9.0432     19.1441     25.1964      2.1083      31      1.1175
    4      0.0000      3.4808     17.0600      2.0911      32      1.1296
    5     -9.9811     18.6800     18.7660      1.4487      35      1.1932
    6      0.0000      3.4808     25.1964      2.1004      17      1.1175
    7      9.0432     20.0723     23.3591      1.4779      31      1.1876
    8      9.0432     19.1441     17.0600      2.0858      47      1.1296
    9     -0.9378      3.0167     18.7660      1.4156      32      1.1914
   10     21.9047      1.5083     21.2594      0.6629      13      0.8453
   11     -0.8038      3.0167     23.3591      1.4861      17      1.1876
   12     -9.0432     19.1441     25.1964      2.1375      20      1.1319
   13     21.9717      1.8564     21.1282      0.4463      13      0.8786
   14     21.5698      2.0884     21.7843      0.1519      13      0.8703
   15     21.2349      1.9724     20.3408      0.4750      13      0.8421
   16     21.3019      2.5526     21.2594      0.8633      13      0.8453
   17     21.3019      2.5526     20.9970      0.3661      13      0.8487
   18     18.0865      3.4808     17.0600      2.0994      44      1.1296
   19     -3.0144      8.7019     17.0600      1.9530      33      1.1136
   20     -3.0144      8.7019     25.1964      2.0893      18      1.1319
   21     -3.8852      8.1218     18.7660      1.4599      33      1.1932
   22     20.8999      2.5526     21.2594      0.7389      13      0.8453
   23     18.0865      3.4808     25.1964      2.1155      28      1.1175
   24     18.8903      7.1936     21.1282      0.3393      14      0.8572
   25     18.8903      6.7294     21.1282      1.0987      14      0.8575
   26     -3.9522      8.2378     23.4903      1.4340      18      1.1967
   27     -3.8852      8.1218     17.7162      0.0354      33      1.1321
   28     18.0195      7.3096     20.3408      0.6872      14      0.8561
   29     18.2875      7.7737     20.9970      1.4517      14      0.8508
   30     15.0721      8.7019     16.9288      2.0126      45      1.1841
   31     -6.0288     13.9230     25.1964      1.9502      19      1.1754
   32     -2.9474      9.7461     23.4903      1.4710      18      1.1865
   33     -5.1580     13.3429     23.4903      1.5159      19      1.1894
   34     -6.9666     13.4589     18.7660      1.5167      34      1.2038
   35     -5.1580     13.3429     18.7660      1.4982      34      1.2147
   36     -3.0144      9.6301     18.8973      1.5220      33      1.1926
   37     -3.5503     11.4865     21.1282      1.3593       3      0.8705
   38     14.9381      8.7019     25.1964      1.9776      29      1.1860
   39     -6.0288     13.9230     17.0600      1.9219      34      1.0958
   40     15.8759     12.1826     21.1282      0.4774      15      0.8611
   41     15.6750     11.6025     20.9970      1.8033      15      0.8584
   42     -6.9666     13.4589     23.3591      1.4928      19      1.2058
   43     15.2730     12.5307     20.3408      0.3722      15      0.8523
   44     15.5410     12.5307     21.6531      0.1217      15      0.8768
   45     15.7419     12.6467     21.1282      0.3122      15      0.8798
   46     14.8711     12.9948     20.9970      2.2152      15      0.8584
   47     12.0577     13.9230     16.9288      2.0562      46      1.1841
   48     -6.0958     14.9672     23.4903      1.4330      19      1.1895
   49     -8.1724     18.5640     23.4903      0.6451      20      1.1864
   50     -6.0958     14.9672     18.7660      1.4462      34      1.2147
   51     -6.6317     16.8236     20.9970      1.0168       4      0.8403
   52     12.8615     17.1717     20.9970      0.8984      16      0.8508
   53     -6.8997     17.2877     21.1282      0.9974       4      0.8705
   54     -6.6317     16.8236     21.2594      0.3581       4      0.8485
   55     -9.0432     19.1441     17.0600      2.0241      35      1.1136
   56     -9.9141     18.5640     23.4903      1.4447      20      1.1967
   57     12.9285     17.5198     21.1282      0.4025      16      0.8914
   58     12.2586     18.2159     21.1282      1.5144      16      0.8575
   59     12.5936     17.6358     20.4720      0.1724      16      0.8851
   60     -9.9811     18.6800     17.7162      0.0310      35      1.1321
   61     -9.1102     20.1883     18.7660      1.4415      35      1.1932
   62      2.4115      1.1603     21.1282      1.5729       1      0.8574
   63     -8.9763     20.1883     23.4903      1.4279      20      1.1967
   64      0.8708      2.9006     18.7660      0.7114      32      1.1961
   65      2.2106      1.5083     21.1282      0.9718       1      0.8526
   66      0.9378      3.0167     23.4903      1.5002      17      1.1928
   67      2.1436      1.8564     21.1282      0.3915       1      0.8874
   68      0.0670      4.5250     18.7660      1.4567      32      1.1964
   69     -2.0766      8.2378     23.4903      1.5160      18      1.1967
   70     -0.6029      6.3814     21.1282      1.3857       2      0.8526
   71      0.0670      4.5250     23.4903      1.4290      17      1.1928
   72     -2.1436      8.1218     18.7660      1.4989      33      1.1932
   73     -0.8038      6.7294     21.1282      1.1666       2      0.8574
   74     -3.8183     11.9506     20.9970      0.8167       3      0.8404
   75     -3.8183     11.9506     21.2594      0.3698       3      0.8485
   76     -8.2394     18.6800     18.8973      1.5218      35      1.1925
   77     -6.8997     17.5198     21.1282      0.3786       4      0.8691
   78      0.0670      6.3814     21.7843      0.1925       2      0.8821
   79     -0.8038      7.1936     21.1282      0.2989       2      0.8572
   80     -3.4163     12.1826     20.3408      0.1489       3      0.8608
   81     -6.0958     14.9672     24.4090      0.0754      19      1.1326
   82     -6.0958     14.9672     17.7162      0.0850      34      1.1386
   83     -6.2298     17.0557     20.3408      0.3963       4      0.8608
   84      2.6795      1.6243     20.3408      0.2822       1      0.8647
   85     -0.0670      6.6134     20.3408      0.6438       2      0.8598
   86     -3.2824     12.1826     21.9156      0.4291       3      0.8567
   87     -3.8852     12.2987     21.1282      0.3593       3      0.8804
   88     -6.6317     17.0557     21.6531      0.0897       4      0.8838
   89     -6.4308     17.4037     20.3408      0.1704       4      0.8565
   90     -8.1054     18.6800     23.4903      0.8569      20      1.1864
   91     -9.1102     20.1883     17.7162      0.0353      35      1.1321
   92      3.0814      1.3923     20.3408      0.1878       1      0.8645
   93      2.4115      1.3923     20.6033      0.1027       1      0.8833
   94      2.8804      1.5083     21.9156      0.2063       1      0.8449
   95      3.3494      1.8564     21.9156      0.7553       1      0.8628
   96      2.6795      1.8564     20.3408      0.3437       1      0.8598
   97     -0.2679      7.1936     20.3408      0.3733       2      0.8645
   98     -0.6029      6.6134     20.6033      0.0889       2      0.8833
   99      0.3349      6.8455     21.9156      0.7044       2      0.8613
  100     -3.0144     12.1826     20.2096      0.7945       3      0.8924
  101     -6.2968     16.9397     21.7843      0.1144       4      0.8677
  102      3.0814      1.1603     20.4720      0.1719       1      0.8851
  103     -3.6173     11.8346     21.6531      0.0831       3      0.8838
  104     -6.1628     17.1717     21.9156      0.4863       4      0.8567
  105      0.0000      3.4808     18.2411      0.1000      32      0.0516
  106     -2.1436      8.1218     17.7162      0.0342      33      1.1321
  107     -3.0144      8.7019     18.1099      0.1004      33      0.0665
  108     -3.0144      8.7019     24.0153      0.0998      18      0.0498
  109     -3.2154     11.8346     20.3408      0.2840       3      0.8565
  110     -6.0288     13.9230     24.0153      0.1010      19      0.0395
  111     -6.0288     13.9230     18.1099      0.0986      34      0.0467
  112     -9.0432     19.1441     18.1099      0.1003      35      0.0665
  113     -9.0432     19.1441     24.0153      0.1003      20      0.0498
  114      0.9378      3.0167     18.7660      0.8350      32      1.1964
  115      0.0000      3.4808     24.1465      0.1006      17      0.0694
  116     -0.2679      6.9615     21.9156      0.1978       2      0.8449
  117     -3.0144     11.4865     21.6531      0.0856       3      0.8796
  118     -3.2824     11.7185     21.7843      0.1255       3      0.8620
  119     -3.1484     11.9506     21.9156      0.3685       3      0.8538
  120     -6.0288     17.4037     20.2096      0.7518       4      0.8924
  121     -6.2968     17.4037     21.9156      0.2401       4      0.8538
  122     -6.5647     18.0999     21.1282      0.4105       4      0.8691
  123      2.7465      1.7404     21.9156      0.1958       1      0.8416
  124     -0.5359      7.6577     21.1282      0.3130       2      0.8914
  125     -5.6939     16.5916     21.1282      0.4234       4      0.8874
  126      0.2679      7.1936     21.9156      1.0494       2      0.8628
  127      3.3494      1.6243     21.9156      0.5592       1      0.8677
  128      0.3349      6.1493     21.1282      0.4645       2      0.8711
  129     -5.1580     13.3429     17.7162      0.0466      34      1.1385
  130     -3.5503     12.8788     21.1282      0.3876       3      0.8874
  131     -6.6317     17.7518     21.6531      0.0373       4      0.8796
  132      2.4785      2.4365     21.1282      0.3612       1      0.8711
  133     -2.6795     11.3704     21.1282      0.4651       3      0.8690
  134     -5.1580     13.3429     24.4090      0.0413      19      1.1325
  135      3.3494      0.9282     21.1282      0.4033       1      0.8914
  136     -0.2010      7.7737     20.9970      1.1658       2      0.8508
  137     -6.2298     17.7518     20.3408      0.1530       4      0.8565
  138     -3.2154     12.9948     21.1282      1.2252       3      0.8475
  139      2.6795      2.5526     21.1282      0.8426       1      0.8660
  140     -6.3638     18.2159     21.1282      0.9964       4      0.8705
  141      0.5359      6.2653     21.1282      0.7808       2      0.8660
  142      3.6173      1.1603     20.9970      0.9191       1      0.8508
  143     -3.0144     12.4147     21.9156      0.4237       3      0.8491
  144     -5.4259     16.8236     21.1282      0.9720       4      0.8474
  145     -6.1628     17.6358     21.9156      0.1990       4      0.8538
  146      3.0144      1.7404     20.2096      0.2133       1      0.9125
  147      0.0000      6.9615     20.2096      0.2134       2      0.9125
  148     -5.8279     17.2877     21.9156      0.3902       4      0.8490
  149     -2.4785     11.4865     21.1282      0.8937       3      0.8705
  150     -5.8279     17.0557     20.3408      0.1133       4      0.8651
  151      2.9474      2.0884     20.3408      0.2159       1      0.8514
  152      0.0670      7.3096     20.3408      0.7550       2      0.8561
  153     -2.8135     11.8346     20.3408      0.0869       3      0.8565
  154     -3.2154     12.5307     20.3408      0.1522       3      0.8651
  155     -3.0144     19.1441     17.0600      1.9196      39      1.0958
  156      3.3494      1.6243     20.3408      0.2123       1      0.8561
  157      6.0288      3.4808     16.9288      2.0544      36      1.1841
  158     -0.8708     13.3429     18.7660      1.4400      38      1.2147
  159      3.3494      2.5526     21.1282      1.5329       1      0.8574
  160      3.0144      8.7019     16.9288      2.0687      37      1.1841
  161     -2.8804     11.9506     21.9156      0.1464       3      0.8538
  162     -5.8949     17.6358     21.9156      0.4282       4      0.8567
  163     -5.8279     18.2159     20.9970      1.0252       4      0.8404
  164      5.0910      3.0167     18.6348      1.4932      36      1.1615
  165      2.1436      8.1218     18.6348      1.4713      37      1.1615
  166     -0.8708     13.3429     17.7162      0.0789      38      1.1385
  167      0.0000     13.9230     25.1964      1.9362      23      1.1754
  168     -3.9522     18.6800     23.4903      1.4402      24      1.1894
  169      3.3494      1.8564     20.3408      0.6031       1      0.8511
  170      3.8852      1.6243     21.1282      0.8792       1      0.8701
  171      6.0958      3.5968     25.1964      1.9869      21      1.1860
  172      3.0144      2.6686     21.1282      0.1845       1      0.9100
  173      0.2679      6.7294     20.3408      0.1582       2      0.8514
  174      3.1484      8.7019     25.1964      1.9694      22      1.1860
  175      0.8708      6.8455     21.1282      0.7648       2      0.8574
  176      2.2776      8.1218     23.4903      1.3655      22      1.1855
  177      0.8038      6.4974     21.1282      0.2086       2      0.9100
  178      0.8708      7.0775     21.1282      0.4688       2      0.8572
  179      0.3349      7.7737     21.1282      1.4038       2      0.8701
  180      0.0000     13.9230     17.0600      1.9349      38      1.0958
  181     -2.4115     11.8346     21.6531      0.0431       3      0.8838
  182     -2.7465     12.1826     21.9156      0.3569       3      0.8567
  183     -2.6125     12.1826     20.3408      0.1089       3      0.8608
  184     -2.2106     11.9506     20.9970      0.7124       3      0.8404
  185     -2.2106     11.9506     21.2594      0.2716       3      0.8485
  186     -0.8708     13.3429     24.4090      0.0755      23      1.1325
  187     -0.8708     13.3429     23.4903      1.4704      23      1.1894
  188     -2.8135     12.5307     20.3408      0.3864       3      0.8651
  189     -2.8135     12.9948     21.1282      1.3675       3      0.8475
  190     -2.7465     12.6467     21.7843      0.1543       3      0.8734
  191     -5.2250     17.1717     21.1282      1.1107       4      0.8474
  192     -3.0144     19.1441     25.1964      1.9504      24      1.1754
  193     -3.9522     18.6800     18.7660      1.4557      39      1.2147
  194     -3.9522     18.6800     17.7162      0.0748      39      1.1385
  195     -5.6269     17.4037     20.3408      0.1133       4      0.8651
  196     -3.9522     18.6800     24.4090      0.0777      24      1.1325
  197     -5.8279     17.7518     20.3408      0.3927       4      0.8608
  198     -5.7609     17.8679     21.7843      0.1735       4      0.8677
  199     -6.0288     18.0999     21.6531      0.0912       4      0.8838
  200      5.1580      3.1327     23.4903      1.3555      21      1.1855
  201      5.2250      3.0167     24.4090      0.0777      21      1.1378
  202      3.5503      1.9724     21.7843      0.2420       1      0.8718
  203      2.2106      8.2378     24.4090      0.0804      22      1.1378
  204     -5.1580     17.5198     21.1282      0.4136       4      0.8874
  205     -5.8279     18.2159     21.2594      0.3604       4      0.8485
  206      3.8852      1.8564     21.1282      0.4438       1      0.8652
  207     -2.1436     12.2987     21.1282      0.3862       3      0.8804
  208      6.0958      4.5250     18.7660      1.4758      36      1.2053
  209     -2.9474     20.1883     18.7660      1.5200      39      1.2039
  210      8.2394      1.5083     20.9970      2.2817       5      0.8584
  211     -2.9474     20.1883     23.3591      1.4878      24      1.2058
  212      6.8327      3.0167     18.7660      1.4565      36      1.1716
  213      6.9666      3.0167     23.4903      1.4534      21      1.1637
  214      5.6269      6.2653     20.9970      2.0494       6      0.8827
  215      6.1628      4.6410     23.4903      1.6363      21      1.1566
  216      3.9522      8.2378     18.7660      1.5083      37      1.2053
  217      5.2250      6.9615     20.9970      1.1916       6      0.8827
  218      4.0862      8.2378     23.4903      1.6497      22      1.1566
  219      3.0814      9.7461     23.4903      1.4449      22      1.1638
  220      3.0144      9.6301     18.7660      1.4292      37      1.1716
  221      2.4115     11.6025     20.9970      2.5271       7      0.8584
  222      0.8708     13.3429     23.3591      0.7419      23      1.2057
  223      0.8708     13.3429     18.7660      0.7607      38      1.2038
  224      2.2106     12.1826     21.1282      0.4081       7      0.8611
  225      0.0670     14.9672     18.7660      1.4310      38      1.2147
  226      0.0670     14.9672     23.4903      1.4492      23      1.1895
  227     -0.6029     16.8236     21.1282      1.3618       8      0.8474
  228     -2.0766     18.6800     18.7660      1.4981      39      1.2147
  229     -0.8038     17.1717     21.1282      1.2324       8      0.8474
  230     -2.0766     18.6800     23.4903      1.5122      24      1.1894
  231      8.1724      1.8564     20.9970      0.5606       5      0.8748
  232      5.8279      6.8455     21.7843      1.6497       6      0.8494
  233      2.6125     11.9506     20.3408      0.1072       7      0.8751
  234      0.0670     14.9672     17.7162      0.0821      38      1.1386
  235      9.1102      1.1603     21.6531      0.1211       5      0.8768
  236     -0.8708     17.5198     21.1282      0.3889       8      0.8874
  237      2.8804     11.7185     20.3408      0.1777       7      0.8604
  238      5.6269      6.7294     21.6531      0.1955       6      0.8577
  239     -0.2010     17.0557     20.3408      0.3853       8      0.8651
  240     -0.2679     16.9397     21.7843      0.1439       8      0.8734
  241      9.0432      1.7404     21.9156      1.4090       5      0.8576
  242      0.0670     14.9672     24.4090      0.0811      23      1.1326
  243     -0.2010     17.2877     21.9156      0.4237       8      0.8490
  244      8.8423      1.3923     20.3408      0.1999       5      0.8523
  245      5.2920      7.3096     20.8657      0.5048       6      0.8792
  246      3.0144     12.1826     20.2096      1.5095       7      0.8530
  247      2.2776     12.5307     21.1282      0.1653       7      0.8797
  248      0.0000     17.4037     20.2096      0.7945       8      0.8924
  249      2.8804     11.7185     21.7843      0.1925       7      0.8643
  250     -0.1340     17.6358     21.9156      0.4291       8      0.8567
  251      8.8423      1.3923     21.7843      0.1583       5      0.8562
  252      6.0288      3.4808     18.1099      0.1014      36      0.0468
  253      3.0144      8.7019     18.1099      0.1009      37      0.0469
  254      0.0000     13.9230     18.1099      0.0995      38      0.0467
  255     -3.0144     19.1441     18.1099      0.0986      39      0.0467
  256      9.0432      1.7404     20.2096      1.6459       5      0.8530
  257      2.6125     11.9506     21.7843      0.0643       7      0.8789
  258      3.0144     12.1826     21.9156      1.3049       7      0.8576
  259      0.0000     13.9230     24.0153      0.1018      23      0.0395
  260     -0.4019     17.4037     20.3408      0.1522       8      0.8651
  261     -3.0144     19.1441     24.0153      0.1010      24      0.0394
  262      6.0958      3.5968     24.0153      0.1012      21      0.0200
  263      3.1484      8.7019     24.0153      0.1013      22      0.0200
  264      0.9378     13.4589     18.7660      0.7465      38      1.2038
  265      9.1102      0.9282     21.1282      0.3149       5      0.8797
  266      0.9378     13.4589     23.3591      0.7563      23      1.2058
  267      6.4308      7.1936     20.2096      1.7949       6      0.8730
  268      0.8708     13.3429     17.7162      0.0197      38      1.1270
  269      0.1340     17.1717     21.9156      0.3673       8      0.8567
  270     -2.0766     18.6800     17.7162      0.0464      39      1.1385
  271      8.2394      2.2045     21.1282      0.0748       5      0.9012
  272      2.3445     12.6467     21.1282      0.1556       7      0.8797
  273      0.3349     16.5916     21.1282      0.3874       8      0.8804
  274     -2.0766     18.6800     24.4090      0.0402      24      1.1325
  275      0.9378     13.4589     17.7162      0.0192      38      1.1270
  276     -0.5359     18.0999     21.1282      0.3597       8      0.8804
  277      9.0432      2.6686     20.9970      2.7118       5      0.8681
  278      3.8183     11.7185     20.9970      2.5077       7      0.8681
  279      2.6125     12.8788     21.1282      0.3754       7      0.8611
  280      6.2968      6.2653     20.6033      0.2810       6      0.8610
  281      9.4452      1.0442     21.1282      0.4175       5      0.8611
  282      3.2824     11.7185     21.7843      0.1189       7      0.8703
  283      0.6029     16.8236     20.9970      0.7088       8      0.8403
  284     -0.2010     18.2159     21.2594      0.3716       8      0.8485
  285      5.5599      7.5416     20.6033      0.1219       6      0.8610
  286     -0.2010     18.2159     20.9970      0.7941       8      0.8404
  287      6.3638      7.7737     21.2594      1.5634       6      0.8504
  288      3.2154     12.9948     20.9970      2.5310       7      0.8584
  289      0.2010     17.0557     20.3408      0.1089       8      0.8608
  290      0.6029     16.8236     21.2594      0.2901       8      0.8485
  291     -0.2010     17.7518     20.3408      0.1489       8      0.8608
  292      9.8471      1.5083     20.9970      1.7842       5      0.8584
  293      6.8997      6.8455     20.7345      0.5118       6      0.8511
  294      6.1628      7.8897     20.9970      0.9631       6      0.8851
  295      3.0144     19.1441     25.1964      2.0911      27      1.1319
  296     11.9907      3.5968     25.1964      1.9765      25      1.1860
  297     11.1198      3.0167     23.4903      1.4856      25      1.1637
  298      8.1724      8.1218     18.6348      1.4788      41      1.2002
  299      6.0958     13.8070     25.1964      1.9679      26      1.1860
  300      2.1436     18.5640     23.4903      1.4814      27      1.1864
  301     11.2538      3.0167     18.7660      1.4445      40      1.1716
  302     12.0577      3.4808     16.9288      2.0111      40      1.1841
  303      6.8997      6.8455     21.2594      1.1886       6      0.8503
  304      9.0432      8.7019     16.9288      2.0810      41      1.1182
  305      6.2298      7.5416     20.3408      0.2301       6      0.8567
  306      5.2250     13.4589     18.7660      1.4269      42      1.1716
  307      0.2679     17.4037     21.9156      0.3623       8      0.8538
  308      0.1340     17.6358     21.9156      0.1305       8      0.8538
  309      9.6461      2.0884     20.4720      0.0649       5      0.8894
  310      9.3112      2.2045     20.3408      0.1406       5      0.8665
  311      6.8997      6.6134     20.9970      0.4195       6      0.8851
  312      5.1580     13.3429     23.4903      1.4464      26      1.1637
  313      6.0288     13.9230     16.9288      2.0720      42      1.1841
  314      3.3494     12.5307     20.3408      0.1753       7      0.8605
  315      3.3494     12.5307     21.7843      0.1910       7      0.8643
  316      3.0144     12.6467     20.3408      0.1071       7      0.8751
  317      3.0144     12.6467     21.7843      0.0632       7      0.8790
  318      0.8708     17.2877     21.1282      0.8801       8      0.8705
  319      0.6029     17.0557     21.6531      0.0431       8      0.8838
  320      3.0144     19.1441     17.0600      1.9457      43      1.1136
  321      0.2679     17.8679     21.7843      0.1523       8      0.8620
  322      2.2106     18.6800     18.8973      1.5281      43      1.1925
  323      0.4019     17.4037     20.3408      0.0870       8      0.8565
  324      0.2010     17.7518     20.3408      0.2992       8      0.8565
  325      0.3349     18.2159     21.1282      1.3504       8      0.8705
  326      0.0000     18.0999     21.6531      0.0802       8      0.8838
  327      9.5122      1.8564     21.7843      0.1245       5      0.8643
  328      9.9141      1.8564     20.9970      0.4765       5      0.8748
  329      9.3112      2.2045     21.7843      0.1418       5      0.8704
  330      6.4308      6.9615     21.7843      0.0756       6      0.8515
  331      6.2298      7.3096     21.7843      0.2175       6      0.8515
  332      3.5503     12.1826     21.7843      0.1189       7      0.8703
  333      0.8708     17.5198     21.1282      0.4760       8      0.8691
  334      0.6029     17.7518     21.6531      0.0825       8      0.8796
  335      9.8471      2.2045     21.1282      0.1626       5      0.9012
  336     14.4692      1.1603     20.9970      1.4419       9      0.8508
  337      9.9141      8.1218     18.6348      0.7169      41      1.2002
  338     11.1868      6.6134     20.9970      0.7476      10      0.8851
  339      9.1102      9.7461     18.6348      1.4351      41      1.2002
  340      5.2250     17.1717     20.9970      1.1724      12      0.8508
  341      3.0814     20.1883     18.7660      1.4501      43      1.1932
  342      2.9474     20.1883     23.4903      1.4183      27      1.1967
  343     12.9955      3.0167     18.6348      1.5453      40      1.1615
  344     14.2012      1.6243     21.1282      1.0062       9      0.8701
  345     12.9285      3.1327     23.4903      1.4128      25      1.1855
  346     11.9237      4.6410     23.4903      1.5965      25      1.1566
  347     11.9907      4.5250     18.7660      1.4804      40      1.2053
  348     11.1868      6.8455     20.7345      0.2632      10      0.8511
  349     11.1868      6.8455     21.2594      1.2153      10      0.8503
  350      8.5073     11.4865     21.2594      1.5551      11      0.8503
  351      8.3064     11.6025     20.9970      0.9625      11      0.8851
  352      6.9666     13.2269     23.4903      1.6498      26      1.1566
  353      6.8997     13.3429     18.7660      1.5074      42      1.2053
  354      6.0958     14.9672     18.6348      1.4712      42      1.1615
  355      5.4929     16.7076     21.1282      1.3992      12      0.8701
  356      6.1628     14.8512     23.4903      1.3659      26      1.1856
  357      3.8852     18.5640     23.4903      1.5196      27      1.1967
  358      3.9522     18.6800     18.7660      1.5056      43      1.1932
  359     11.4548      6.8455     20.3408      0.4319      10      0.8566
  360     15.6750      1.1603     21.1282      1.0974       9      0.8575
  361     14.2012      1.8564     21.1282      0.3782       9      0.8652
  362     12.2586      6.8455     21.7843      1.8928      10      0.8494
  363      9.0432     11.7185     20.2096      1.7929      11      0.8730
  364      5.9618     17.0557     21.9156      1.0520      12      0.8628
  365      5.1580     17.5198     21.1282      0.3069      12      0.8914
  366     12.1246      6.1493     20.8657      0.5335      10      0.8792
  367     12.4596      6.2653     20.9970      1.3105      10      0.8827
  368      8.6413     11.7185     20.3408      0.2323      11      0.8566
  369     14.7371      1.6243     20.3408      0.6863       9      0.8561
  370     14.7371      1.8564     21.9156      0.7014       9      0.8628
  371     11.6557      7.1936     20.2096      1.5285      10      0.8730
  372      8.6413     12.8788     20.9970      1.3690      11      0.8828
  373      8.3734     12.6467     20.8657      0.5089      11      0.8793
  374      5.7609     17.1717     20.3408      0.7599      12      0.8561
  375     14.7371      1.8564     20.3408      0.3260       9      0.8511
  376      8.3064     12.2987     20.6033      0.1200      11      0.8610
  377      6.0288     14.8512     24.4090      0.0798      26      1.1378
  378      5.6939     17.5198     20.3408      0.3701      12      0.8645
  379     14.7371      1.6243     21.9156      0.4637       9      0.8677
  380      9.0432     12.4147     21.7843      1.6353      11      0.8495
  381      3.0814     20.1883     17.7162      0.0408      43      1.1321
  382      9.9811      8.2378     18.6348      0.8337      41      1.2002
  383      5.8279     18.2159     21.1282      1.0951      12      0.8575
  384     11.9907      3.5968     24.0153      0.1013      25      0.0201
  385      9.0432      8.7019     17.9786      0.1036      41      0.0683
  386      6.0958     13.8070     24.0153      0.1013      26      0.0201
  387      3.0144     19.1441     24.0153      0.0998      27      0.0498
  388     12.0577      3.4808     18.1099      0.1005      40      0.0468
  389      6.0288     13.9230     18.1099      0.1009      42      0.0468
  390      3.0144     19.1441     18.1099      0.1004      43      0.0665
  391      8.8423     11.8346     21.7843      0.2189      11      0.8515
  392     11.6557      6.9615     21.7843      0.1492      10      0.8515
  393     11.2538      7.4256     21.2594      0.1173      10      0.8781
  394      6.3638     16.5916     21.1282      0.4694      12      0.8572
  395     11.6557      7.1936     21.7843      0.0742      10      0.8707
  396     11.7227      7.7737     21.2594      1.2052      10      0.8503
  397      9.5791     11.4865     21.2594      1.1869      11      0.8503
  398     14.2682      2.2045     21.1282      0.0612       9      0.9094
  399     12.8615      3.0167     24.4090      0.0377      25      1.1378
  400      3.9522     18.6800     17.7162      0.0332      43      1.1321
  401     14.5362      2.4365     21.1282      0.3420       9      0.8572
  402     11.1198     13.2269     23.4903      1.6396      30      1.1566
  403      5.4259     17.9839     21.1282      0.3021      12      0.8572
  404     14.0003      8.2378     23.4903      1.5993      29      1.1566
  405     11.8567      7.3096     21.7843      0.1438      10      0.8515
  406     11.9907     13.8070     25.1964      1.9850      30      1.1860
  407     15.2730      0.9282     21.1282      0.3434       9      0.8572
  408      6.5647     16.7076     21.1282      0.7631      12      0.8573
  409      9.2442     11.8346     21.7843      0.0760      11      0.8515
  410     15.0721      1.7404     20.2096      0.2121       9      0.9125
  411     14.7371      2.5526     21.1282      1.1552       9      0.8574
  412     11.9237      7.8897     20.9970      0.7505      10      0.8851
  413      6.0288     17.4037     20.2096      0.2134      12      0.9125
  414     15.0051      9.7461     23.4903      1.4805      29      1.1638
  415      9.5791     11.4865     20.7345      0.5197      11      0.8511
  416     15.4070      1.8564     20.3408      0.4923       9      0.8598
  417     11.8567      7.5416     20.3408      0.4291      10      0.8567
  418     12.9285     13.3429     23.4903      1.4524      30      1.1637
  419      5.8949     17.6358     21.9156      0.1979      12      0.8449
  420     15.4070      1.6243     20.3408      0.2774       9      0.8648
  421     11.7227      7.7737     20.7345      0.2628      10      0.8511
  422      6.2968     17.6358     20.3408      0.6500      12      0.8598
  423     15.2060      1.5083     21.9156      0.1748       9      0.8449
  424     17.1487      3.0167     23.4903      1.4476      28      1.1928
  425      6.2968     17.1717     21.9156      0.7004      12      0.8613
  426     15.3400      1.7404     21.9156      0.1497       9      0.8416
  427     15.0051      2.0884     21.9156      0.5750       9      0.8614
  428     12.7275      6.4974     20.9970      0.1172      10      0.9045
  429      9.7801     11.6025     20.9970      0.4172      11      0.8851
  430      9.4452     12.8788     20.9970      1.8893      11      0.8828
  431      9.0432     12.6467     21.6531      0.1942      11      0.8577
  432      8.1724     18.5640     23.4903      1.4353      31      1.1928
  433     15.6750      1.3923     20.6033      0.0432       9      0.8833
  434     15.8759      1.5083     21.1282      0.9047       9      0.8526
  435     17.1487      3.0167     18.7660      1.4745      44      1.1964
  436     15.4070      2.5526     21.1282      1.1800       9      0.8661
  437     15.0721      2.6686     21.1282      0.1971       9      0.9100
  438     14.1343      8.2378     18.7660      1.4841      45      1.2053
  439     12.8615      6.9615     20.9970      1.1471      10      0.8828
  440     12.7945      7.3096     20.8657      0.5422      10      0.8793
  441      9.7801     12.2987     20.6033      0.2800      11      0.8610
  442     11.1868     13.3429     18.7660      1.4803      46      1.2053
  443      6.8327     16.9397     21.1282      0.2068      12      0.9100
  444      6.3638     17.2877     20.3408      0.1582      12      0.8514
  445      6.5647     17.6358     21.7843      0.1904      12      0.8821
  446      8.1054     18.6800     18.7660      1.4698      47      1.1961
  447      6.8997     17.5198     21.1282      0.4686      12      0.8711
  448      6.2298     18.2159     21.1282      1.4516      12      0.8527
  449      6.0288     18.0999     20.6033      0.0892      12      0.8833
  450     15.9429      1.8564     21.1282      0.4148       9      0.8874
  451     15.6080      1.9724     20.4720      0.1701       9      0.8759
  452     12.7945      6.6134     20.9970      0.1055      10      0.9045
  453      6.8997     17.2877     21.1282      0.7816      12      0.8660
  454     14.2682     11.7185     20.9970      2.7143      15      0.8681
  455     18.0195      4.5250     23.4903      1.4361      28      1.1928
  456     20.4980      1.1603     21.2594      0.8837      13      0.8453
  457     20.2971      1.5083     21.2594      0.7181      13      0.8453
  458     17.2826      6.4974     21.1282      0.2056      14      0.9099
  459     17.2157      6.8455     21.1282      1.1532      14      0.8573
  460     11.2538     16.9397     21.1282      0.1918      16      0.9099
  461     11.1868     17.2877     21.1282      0.8299      16      0.8660
  462      8.9763     20.1883     18.7660      1.4141      47      1.1914
  463     20.4980      1.1603     20.9970      0.3767      13      0.8486
  464     18.9573      2.9006     18.7660      0.6836      44      1.1914
  465     20.2971      1.5083     20.9970      0.3763      13      0.8486
  466     18.8903      3.0167     23.3591      1.5146      28      1.1876
  467     20.2301      1.8564     21.1282      0.4113      13      0.8786
  468     18.1535      4.5250     18.7660      1.4519      44      1.1961
  469     17.5506      6.2653     21.1282      1.1610      14      0.8660
  470     15.9429      8.1218     18.6348      1.5451      45      1.1615
  471     15.8089      8.1218     23.4903      1.4138      29      1.1855
  472     15.0721      9.6301     18.7660      1.4396      45      1.1716
  473     12.8615     13.4589     18.7660      1.4547      46      1.1716
  474     11.5218     16.7076     21.1282      1.5389      16      0.8573
  475     11.9237     14.8512     23.4903      1.3559      30      1.1856
  476     11.9907     14.9672     18.6348      1.4888      46      1.1615
  477      9.9141     18.5640     18.7660      0.7021      47      1.1964
  478      9.9141     18.5640     23.4903      1.4942      31      1.1928
  479     12.1246     17.0557     21.9156      0.7562      16      0.8628
  480     17.2157      7.0775     21.1282      0.3382      14      0.8572
  481     12.3256     17.1717     20.3408      0.4850      16      0.8561
  482     20.4980      1.3923     20.6033      0.1186      13      0.8785
  483     17.8185      7.1936     21.9156      0.7029      14      0.8628
  484     12.1246     16.8236     21.7843      0.2407      16      0.8718
  485     20.9669      1.5083     20.3408      0.6379      13      0.8421
  486     20.7660      1.6243     21.9156      0.5676      13      0.8536
  487     21.1679      1.1603     21.7843      0.1519      13      0.8703
  488     20.8330      1.9724     21.9156      0.1421      13      0.8536
  489     18.1535      6.3814     20.4720      0.1657      14      0.8759
  490     18.1535      6.6134     20.3408      0.4941      14      0.8598
  491     17.7516      6.8455     21.9156      0.5758      14      0.8613
  492     14.8041     11.7185     20.3408      0.1384      15      0.8665
  493     15.0721     12.1826     20.2096      1.4731      15      0.8530
  494      9.9811     18.6800     18.7660      0.8381      47      1.1961
  495     11.1868     17.5198     21.1282      0.3540      16      0.8711
  496     11.7897     17.6358     20.3408      0.3435      16      0.8598
  497     12.0577     14.8512     24.4090      0.0770      30      1.1378
  498     20.8330      1.7404     20.3408      0.2170      13      0.8421
  499     17.8185      7.1936     20.3408      0.3314      14      0.8511
  500     14.9381      8.7019     24.0153      0.1013      29      0.0201
  501     11.9907     13.8070     24.0153      0.1012      30      0.0201
  502     18.0865      3.4808     18.2411      0.1007      44      0.0516
  503     18.0865      3.4808     24.1465      0.1004      28      0.0694
  504     15.0721      8.7019     18.1099      0.1005      45      0.0469
  505     15.0721     11.4865     20.4720      0.0649      15      0.8894
  506     14.8041     11.7185     21.7843      0.1417      15      0.8703
  507     14.5362     12.8788     20.9970      0.5666      15      0.8748
  508     12.0577     13.9230     18.1099      0.1014      46      0.0468
  509      9.0432     19.1441     24.1465      0.1006      31      0.0694
  510      9.0432     19.1441     18.2411      0.1000      47      0.0516
  511     20.9669      1.9724     20.3408      0.4451      13      0.8421
  512     15.0721     12.1826     21.9156      1.3918      15      0.8576
  513     11.7227     17.2877     20.3408      0.2179      16      0.8513
  514     19.0243      3.0167     18.7660      0.7987      44      1.1914
  515     15.2060     11.7185     21.7843      0.1247      15      0.8643
  516     12.1246     17.0557     20.3408      0.3285      16      0.8511
  517     20.7660      1.8564     21.9156      0.1052      13      0.8536
  518     15.8759      8.2378     24.4090      0.0379      29      1.1378
  519     15.4070     11.3704     20.9970      0.4529      15      0.8748
  520     15.0721     11.2544     21.1282      0.1700      15      0.9012
  521     14.2682     12.6467     21.1282      0.0747      15      0.9012
  522     18.6894      6.3814     21.1282      0.8937      14      0.8526
  523     17.2826      7.4256     21.1282      0.0625      14      0.9094
  524     11.5218     18.0999     21.1282      0.3927      16      0.8874
  525     17.5506      7.6577     21.1282      0.3758      14      0.8652
  526     21.4358      0.9282     21.1282      0.4482      13      0.8786
  527     20.5650      2.4365     21.1282      0.4012      13      0.8786
  528     18.4214      6.1493     21.1282      0.4381      14      0.8874
  529     12.3926     16.5916     21.1282      0.4467      16      0.8652
  530     20.8999      2.5526     20.9970      0.3912      13      0.8487
  531     11.8567     18.2159     21.1282      1.0370      16      0.8526
  532     21.7038      1.1603     21.2594      0.6148      13      0.8453
  533     21.1009      1.7404     22.0468      0.2183      13      0.9077
  534     17.7516      7.7737     21.1282      1.0009      14      0.8701
  535     11.9237     17.6358     21.9156      0.1961      16      0.8416
  536     18.0865      6.9615     20.2096      0.2127      14      0.9125
  537     12.0577     17.4037     20.2096      0.2133      16      0.9125
  538     12.3256     17.1717     21.9156      0.5552      16      0.8677
  539     21.2349      1.5083     20.3408      0.2143      13      0.8421
  540     21.0339      2.0884     21.9156      0.5693      13      0.8536
  541     18.2205      6.7294     21.9156      0.1501      14      0.8416
  542     12.5936     16.7076     21.1282      0.8997      16      0.8701
  543     11.9907     17.7518     20.3408      0.2804      16      0.8648
  544     21.3689      1.5083     21.9156      0.0770      13      0.8536
  545     21.7038      1.1603     20.9970      0.2561      13      0.8487
  546     18.3544      6.7294     20.3408      0.2766      14      0.8648
  547     18.0195      7.3096     21.9156      0.4613      14      0.8677
  548     12.1916     17.6358     21.9156      0.2078      16      0.8449
  549     21.7038      1.3923     20.6033      0.0670      13      0.8785
  550     21.3689      1.7404     20.3408      0.2146      13      0.8421
  551     21.1009      2.4365     20.6033      0.1198      13      0.8785
  552     18.6894      6.6134     20.6033      0.0432      14      0.8833
  553     18.3544      6.9615     21.9156      0.1748      14      0.8449
  554     15.2730     12.5307     21.7843      0.1753      15      0.8563
  555     12.0577     18.0999     20.6033      0.1030      16      0.8833
  556     12.3926     17.5198     20.3408      0.1881      16      0.8645
  -------------------------------------------------------------------------
