   Atom                     Volume(s)
  ------------------------------------------------------------------------
     1   ...      58   59   63   64   66   97  101  117  121  128  133  141  145  152  153  157  165  173  174  177  178  179  201
     2   ...      69   70   73   74   76   98  102  118  122  123  134  142  146  147  154  159  167  180  181  184  185  186  202
     3   ...      79   80   83   84   86   99  103  119  124  125  135  143  148  149  155  161  169  187  188  191  192  193  203
     4   ...      89   90   93   94   96  100  104  120  126  127  136  144  150  151  156  163  171  194  195  198  199  200  204
     5   ...     206  207  211  212  214  245  249  265  269  276  281  289  293  300  301  305  312  321  322  325  326  327  349
     6   ...     217  218  221  222  224  246  250  266  270  271  282  290  294  295  302  307  314  329  330  332  333  334  350
     7   ...     227  228  231  232  234  247  251  267  272  273  283  291  296  297  303  308  316  335  336  339  340  341  351
     8   ...     237  238  241  242  244  248  252  268  274  275  284  292  298  299  304  310  318  342  343  346  347  348  352
     9   ...     354  355  359  360  362  393  397  413  417  424  429  437  441  448  449  453  457  461  462  465  466  467  489
    10   ...     365  366  369  370  372  394  398  414  418  419  430  438  442  443  450  454  458  468  469  472  473  474  490
    11   ...     375  376  379  380  382  395  399  415  420  421  431  439  444  445  451  455  459  475  476  479  480  481  491
    12   ...     385  386  389  390  392  396  400  416  422  423  432  440  446  447  452  456  460  482  483  486  487  488  492
    13   ...       1    7    9   10   11   12   13   14  494  495  499  500  502  533  549  553  560  565  573  577  584  585  589
    14   ...      16   21   23   24   25   26   27   28  505  506  509  510  512  534  550  554  555  566  574  578  579  586  590
    15   ...      30   35   37   38   39   40   41   42  515  516  519  520  522  535  551  556  557  567  575  580  581  587  591
    16   ...      44   49   51   52   53   54   55   56  525  526  529  530  532  536  552  558  559  568  576  582  583  588  592
    17   ...       2    8   65   68  105  110
    18   ...      17   22   75   78  106  112
    19   ...      31   36   85   88  107  114
    20   ...      45   50   60   95  108  116
    21   ...     166  176  213  216  253  258
    22   ...     168  183  223  226  254  260
    23   ...     170  190  233  236  255  262
    24   ...     172  197  208  243  256  264
    25   ...     313  324  361  364  401  406
    26   ...     315  331  371  374  402  408
    27   ...     317  338  381  384  403  410
    28   ...     319  345  356  391  404  412
    29   ...      15  464  501  504  537  542
    30   ...      29  471  511  514  538  544
    31   ...      43  478  521  524  539  546
    32   ...       3  485  496  531  540  548
    33   ...       4    6   61   62   67  109  129  137
    34   ...      18   20   71   72   77  111  130  138
    35   ...      33   34   81   82   87  113  131  139
    36   ...      46   48   57   91   92  115  132  140
    37   ...     158  175  209  210  215  257  277  285
    38   ...     160  182  219  220  225  259  278  286
    39   ...     162  189  229  230  235  261  279  287
    40   ...     164  196  205  239  240  263  280  288
    41   ...     306  323  357  358  363  405  425  433
    42   ...     320  328  367  368  373  407  426  434
    43   ...     309  337  377  378  383  409  427  435
    44   ...     311  344  353  387  388  411  428  436
    45   ...      19  463  497  498  503  541  561  569
    46   ...      32  470  507  508  513  543  562  570
    47   ...      47  477  517  518  523  545  563  571
    48   ...       5  484  493  527  528  547  564  572
  ------------------------------------------------------------------------
