    #         X           Y           Z        CHARGE     ATOM    DISTANCE
  -------------------------------------------------------------------------
    1     21.9047      1.5083     21.2594      0.3107      13      0.8541
    2      0.0000      3.4808     25.1964      2.0995      17      1.1603
    3      9.0432     19.1441     25.1964      2.0996      32      1.1603
    4     -0.1340      3.4808     17.0600      1.9770      33      1.0881
    5      8.9763     19.0281     17.0600      1.9256      48      1.0880
    6     -0.9378      3.0167     18.7660      1.4673      33      1.2194
    7     21.9047      1.5083     20.9970      0.7233      13      0.8416
    8     -0.8708      2.9006     23.4903      1.4483      17      1.1801
    9     21.3019      2.0884     20.3408      0.3007      13      0.8484
   10     21.9717      1.8564     21.1282      0.4048      13      0.8795
   11     21.3019      2.5526     21.2594      0.4785      13      0.8541
   12     21.3019      2.5526     20.9970      0.9425      13      0.8416
   13     21.1009      1.7404     20.2096      1.7767      13      0.8784
   14     21.3019      1.8564     21.9156      0.5943      13      0.8596
   15     18.0865      3.4808     25.1964      2.0984      29      1.1603
   16     18.8903      6.7294     21.2594      0.3092      14      0.8541
   17     -3.0144      8.7019     25.1964      2.0989      18      1.1603
   18     -3.1484      8.7019     17.0600      1.9762      34      1.0881
   19     18.0195      3.3647     17.0600      1.9250      45      1.0881
   20     -3.9522      8.2378     18.7660      1.4675      34      1.2194
   21     18.8903      6.7294     20.9970      0.7235      14      0.8416
   22     -3.8852      8.1218     23.4903      1.4484      18      1.1801
   23     18.2875      7.3096     20.3408      0.2996      14      0.8484
   24     18.9573      7.0775     21.1282      0.4110      14      0.8795
   25     18.2875      7.7737     21.2594      0.4779      14      0.8541
   26     18.2875      7.7737     20.9970      0.9364      14      0.8416
   27     18.0865      6.9615     20.2096      1.7738      14      0.8784
   28     18.2875      7.0775     21.9156      0.5958      14      0.8596
   29     15.0721      8.7019     25.1964      2.0980      30      1.1603
   30     15.8759     11.9506     21.2594      0.3076      15      0.8541
   31     -6.0288     13.9230     25.1964      2.0991      19      1.1603
   32     15.0051      8.5859     17.0600      1.9255      46      1.0881
   33     -6.1628     13.9230     17.0600      1.9767      35      1.0881
   34     -6.9666     13.4589     18.7660      1.4671      35      1.2194
   35     15.8759     11.9506     20.9970      0.7247      15      0.8416
   36     -6.8997     13.3429     23.4903      1.4482      19      1.1801
   37     15.2730     12.5307     20.3408      0.2990      15      0.8484
   38     15.9429     12.2987     21.1282      0.4097      15      0.8795
   39     15.2730     12.9948     21.2594      0.4768      15      0.8541
   40     15.2730     12.9948     20.9970      0.9404      15      0.8416
   41     15.0721     12.1826     20.2096      1.7731      15      0.8784
   42     15.2730     12.2987     21.9156      0.5958      15      0.8596
   43     12.0577     13.9230     25.1964      2.0982      31      1.1603
   44     12.8615     17.1717     21.2594      0.3107      16      0.8541
   45     -9.0432     19.1441     25.1964      2.0992      20      1.1603
   46     -9.1772     19.1441     17.0600      1.9765      36      1.0881
   47     11.9907     13.8070     17.0600      1.9263      47      1.0881
   48     -9.9811     18.6800     18.7660      1.4676      36      1.2194
   49     12.8615     17.1717     20.9970      0.7286      16      0.8416
   50     -9.9141     18.5640     23.4903      1.4484      20      1.1801
   51     12.2586     17.7518     20.3408      0.2990      16      0.8484
   52     12.9285     17.5198     21.1282      0.4069      16      0.8795
   53     12.2586     18.2159     21.2594      0.4771      16      0.8541
   54     12.2586     18.2159     20.9970      0.9427      16      0.8416
   55     12.0577     17.4037     20.2096      1.7738      16      0.8784
   56     12.2586     17.5198     21.9156      0.5943      16      0.8596
   57     -8.9763     20.1883     18.7660      1.5156      36      1.2195
   58      2.4115      1.1603     20.9970      0.9594       1      0.8416
   59      2.4115      1.1603     21.2594      0.4690       1      0.8541
   60     -8.9763     20.1883     23.4903      1.4349      20      1.1802
   61      0.9378      3.0167     18.7660      0.8078      33      1.2194
   62      0.8708      2.9006     18.7660      0.6775      33      1.2194
   63      2.2106      1.5083     20.9970      0.5841       1      0.8416
   64      2.2106      1.5083     21.2594      0.4499       1      0.8541
   65      0.8708      2.9006     23.4903      0.6786      17      1.1801
   66      2.1436      1.8564     21.1282      0.4185       1      0.8794
   67      0.0670      4.5250     18.7660      1.5153      33      1.2195
   68      0.0670      4.5250     23.4903      1.4347      17      1.1801
   69     -0.6029      6.3814     20.9970      0.9592       2      0.8416
   70     -0.6029      6.3814     21.2594      0.4694       2      0.8541
   71     -2.0766      8.2378     18.7660      0.8083      34      1.2194
   72     -2.1436      8.1218     18.7660      0.6768      34      1.2194
   73     -0.8038      6.7294     20.9970      0.5863       2      0.8416
   74     -0.8038      6.7294     21.2594      0.4501       2      0.8541
   75     -2.1436      8.1218     23.4903      0.6786      18      1.1801
   76     -0.8708      7.0775     21.1282      0.4164       2      0.8795
   77     -2.9474      9.7461     18.7660      1.5159      34      1.2195
   78     -2.9474      9.7461     23.4903      1.4351      18      1.1801
   79     -3.6173     11.6025     20.9970      0.9580       3      0.8416
   80     -3.6173     11.6025     21.2594      0.4701       3      0.8540
   81     -5.0910     13.4589     18.7660      0.7924      35      1.2194
   82     -5.1580     13.3429     18.7660      0.6931      35      1.2194
   83     -3.8183     11.9506     20.9970      0.5823       3      0.8416
   84     -3.8183     11.9506     21.2594      0.4507       3      0.8541
   85     -5.1580     13.3429     23.4903      0.6786      19      1.1801
   86     -3.8852     12.2987     21.1282      0.4195       3      0.8795
   87     -5.9618     14.9672     18.7660      1.5155      35      1.2195
   88     -5.9618     14.9672     23.4903      1.4352      19      1.1801
   89     -6.6317     16.8236     20.9970      0.9610       4      0.8416
   90     -6.6317     16.8236     21.2594      0.4697       4      0.8540
   91     -8.1054     18.6800     18.7660      0.8074      36      1.2194
   92     -8.1724     18.5640     18.7660      0.6775      36      1.2194
   93     -6.8327     17.1717     20.9970      0.5834       4      0.8416
   94     -6.8327     17.1717     21.2594      0.4498       4      0.8541
   95     -8.1724     18.5640     23.4903      0.6788      20      1.1801
   96     -6.8997     17.5198     21.1282      0.4178       4      0.8795
   97      3.0144      1.7404     20.2096      1.7680       1      0.8784
   98      0.0000      6.9615     20.2096      1.7679       2      0.8784
   99     -3.0144     12.1826     20.2096      1.7682       3      0.8784
  100     -6.0288     17.4037     20.2096      1.7689       4      0.8784
  101      3.0144      1.5083     21.9156      0.5950       1      0.8596
  102      0.0000      6.7294     21.9156      0.5947       2      0.8596
  103     -3.0144     11.9506     21.9156      0.5950       3      0.8596
  104     -6.0288     17.1717     21.9156      0.5953       4      0.8596
  105      0.9378      3.0167     23.4903      0.8339      17      1.1801
  106     -2.0766      8.2378     23.4903      0.8339      18      1.1801
  107     -5.0910     13.4589     23.4903      0.8339      19      1.1801
  108     -8.1054     18.6800     23.4903      0.8335      20      1.1801
  109      0.0000      3.4808     18.1099      0.0994      33      0.0299
  110      0.0000      3.4808     24.0153      0.1001      17      0.0208
  111     -3.0144      8.7019     18.1099      0.0994      34      0.0299
  112     -3.0144      8.7019     24.0153      0.1001      18      0.0208
  113     -6.0288     13.9230     18.1099      0.0994      35      0.0299
  114     -6.0288     13.9230     24.0153      0.1001      19      0.0208
  115     -9.0432     19.1441     18.1099      0.0994      36      0.0299
  116     -9.0432     19.1441     24.0153      0.1001      20      0.0208
  117      2.8135      1.3923     20.3408      0.2720       1      0.8484
  118     -0.2010      6.6134     20.3408      0.2718       2      0.8484
  119     -3.2154     11.8346     20.3408      0.2717       3      0.8484
  120     -6.2298     17.0557     20.3408      0.2720       4      0.8484
  121      2.8135      1.8564     21.9156      0.4569       1      0.8596
  122      0.3349      6.1493     21.1282      0.3953       2      0.8794
  123     -0.2010      7.0775     21.9156      0.4569       2      0.8596
  124     -2.6795     11.3704     21.1282      0.3959       3      0.8794
  125     -3.2154     12.2987     21.9156      0.4569       3      0.8596
  126     -5.6939     16.5916     21.1282      0.3933       4      0.8794
  127     -6.2298     17.5198     21.9156      0.4569       4      0.8596
  128      3.3494      0.9282     21.1282      0.3955       1      0.8794
  129      0.8708      2.9006     17.7162      0.0195      33      1.1289
  130     -2.1436      8.1218     17.7162      0.0193      34      1.1289
  131     -5.1580     13.3429     17.7162      0.0193      35      1.1288
  132     -8.1724     18.5640     17.7162      0.0194      36      1.1288
  133      2.4785      2.4365     21.1282      0.3977       1      0.8794
  134     -0.5359      7.6577     21.1282      0.3977       2      0.8795
  135     -3.5503     12.8788     21.1282      0.3977       3      0.8795
  136     -6.5647     18.0999     21.1282      0.3977       4      0.8795
  137      0.9378      3.0167     17.7162      0.0194      33      1.1289
  138     -2.0766      8.2378     17.7162      0.0196      34      1.1289
  139     -5.0910     13.4589     17.7162      0.0196      35      1.1289
  140     -8.1054     18.6800     17.7162      0.0197      36      1.1288
  141      2.8135      2.5526     21.2594      0.4493       1      0.8541
  142     -0.2010      7.7737     21.2594      0.4498       2      0.8541
  143     -3.2154     12.9948     21.2594      0.4495       3      0.8541
  144     -6.2298     18.2159     21.2594      0.4495       4      0.8541
  145      2.8135      2.5526     20.9970      0.5871       1      0.8416
  146      0.6029      6.3814     20.9970      0.6945       2      0.8416
  147     -0.2010      7.7737     20.9970      0.5881       2      0.8416
  148     -2.4115     11.6025     20.9970      0.6946       3      0.8416
  149     -3.2154     12.9948     20.9970      0.5872       3      0.8416
  150     -5.4259     16.8236     20.9970      0.6946       4      0.8416
  151     -6.2298     18.2159     20.9970      0.5881       4      0.8416
  152      3.6173      1.1603     20.9970      0.6945       1      0.8416
  153      3.2154      1.6243     21.9156      0.2876       1      0.8596
  154      0.2010      6.8455     21.9156      0.2876       2      0.8596
  155     -2.8135     12.0666     21.9156      0.2876       3      0.8596
  156     -5.8279     17.2877     21.9156      0.2876       4      0.8596
  157      3.6173      1.1603     21.2594      0.2766       1      0.8541
  158      5.8949      3.4808     17.0600      1.9261      37      1.0881
  159      0.6029      6.3814     21.2594      0.2760       2      0.8541
  160      2.8804      8.7019     17.0600      1.9256      38      1.0881
  161     -2.4115     11.6025     21.2594      0.2765       3      0.8540
  162     -0.1340     13.9230     17.0600      1.9259      39      1.0881
  163     -5.4259     16.8236     21.2594      0.2759       4      0.8540
  164     -3.1484     19.1441     17.0600      1.9260      40      1.0881
  165      3.2154      1.8564     21.9156      0.5968       1      0.8596
  166      6.0288      3.4808     25.1964      2.0978      21      1.1603
  167      0.2010      7.0775     21.9156      0.5968       2      0.8596
  168      3.0144      8.7019     25.1964      2.0982      22      1.1603
  169     -2.8135     12.2987     21.9156      0.5968       3      0.8596
  170      0.0000     13.9230     25.1964      2.0985      23      1.1603
  171     -5.8279     17.5198     21.9156      0.5960       4      0.8596
  172     -3.0144     19.1441     25.1964      2.0980      24      1.1603
  173      3.8183      1.5083     20.9970      0.7237       1      0.8416
  174      3.8183      1.5083     21.2594      0.3074       1      0.8541
  175      5.1580      2.9006     18.7660      1.5175      37      1.2194
  176      5.1580      2.9006     23.4903      1.4496      21      1.1801
  177      3.2154      2.0884     20.3408      0.3034       1      0.8484
  178      3.2154      2.5526     20.9970      0.9348       1      0.8416
  179      3.2154      2.5526     21.2594      0.4757       1      0.8541
  180      0.8038      6.7294     20.9970      0.7247       2      0.8416
  181      0.8038      6.7294     21.2594      0.3080       2      0.8541
  182      2.1436      8.1218     18.7660      1.5179      38      1.2194
  183      2.1436      8.1218     23.4903      1.4493      22      1.1801
  184      0.2010      7.3096     20.3408      0.3046       2      0.8484
  185      0.2010      7.7737     20.9970      0.9345       2      0.8416
  186      0.2010      7.7737     21.2594      0.4766       2      0.8541
  187     -2.2106     11.9506     20.9970      0.7237       3      0.8416
  188     -2.2106     11.9506     21.2594      0.3074       3      0.8541
  189     -0.8708     13.3429     18.7660      1.5176      39      1.2194
  190     -0.8708     13.3429     23.4903      1.4490      23      1.1801
  191     -2.8135     12.5307     20.3408      0.3040       3      0.8484
  192     -2.8135     12.9948     20.9970      0.9355       3      0.8416
  193     -2.8135     12.9948     21.2594      0.4751       3      0.8541
  194     -5.2250     17.1717     20.9970      0.7248       4      0.8416
  195     -5.2250     17.1717     21.2594      0.3080       4      0.8540
  196     -3.8852     18.5640     18.7660      1.5175      40      1.2194
  197     -3.8852     18.5640     23.4903      1.4496      24      1.1801
  198     -5.8279     17.7518     20.3408      0.3033       4      0.8484
  199     -5.8279     18.2159     20.9970      0.9361       4      0.8416
  200     -5.8279     18.2159     21.2594      0.4781       4      0.8541
  201      3.8852      1.8564     21.1282      0.4186       1      0.8795
  202      0.8708      7.0775     21.1282      0.4147       2      0.8795
  203     -2.1436     12.2987     21.1282      0.4177       3      0.8795
  204     -5.1580     17.5198     21.1282      0.4138       4      0.8794
  205     -2.9474     20.1883     18.7660      1.5158      40      1.2195
  206      8.4404      1.1603     20.9970      0.9592       5      0.8416
  207      8.4404      1.1603     21.2594      0.4698       5      0.8541
  208     -2.9474     20.1883     23.4903      1.4348      24      1.1802
  209      6.9666      3.0167     18.7660      0.7918      37      1.2194
  210      6.8997      2.9006     18.7660      0.6936      37      1.2194
  211      8.2394      1.5083     20.9970      0.5842       5      0.8416
  212      8.2394      1.5083     21.2594      0.4500       5      0.8541
  213      6.8997      2.9006     23.4903      0.6786      21      1.1801
  214      8.1724      1.8564     21.1282      0.4183       5      0.8794
  215      6.0958      4.5250     18.7660      1.5156      37      1.2195
  216      6.0958      4.5250     23.4903      1.4351      21      1.1801
  217      5.4259      6.3814     20.9970      0.9600       6      0.8416
  218      5.4259      6.3814     21.2594      0.4706       6      0.8540
  219      3.9522      8.2378     18.7660      0.8084      38      1.2194
  220      3.8852      8.1218     18.7660      0.6768      38      1.2194
  221      5.2250      6.7294     20.9970      0.5862       6      0.8416
  222      5.2250      6.7294     21.2594      0.4504       6      0.8541
  223      3.8852      8.1218     23.4903      0.6788      22      1.1801
  224      5.1580      7.0775     21.1282      0.4090       6      0.8794
  225      3.0814      9.7461     18.7660      1.5159      38      1.2195
  226      3.0814      9.7461     23.4903      1.4349      22      1.1801
  227      2.4115     11.6025     20.9970      0.9560       7      0.8416
  228      2.4115     11.6025     21.2594      0.4732       7      0.8540
  229      0.9378     13.4589     18.7660      0.8094      39      1.2194
  230      0.8708     13.3429     18.7660      0.6760      39      1.2194
  231      2.2106     11.9506     20.9970      0.5850       7      0.8416
  232      2.2106     11.9506     21.2594      0.4505       7      0.8541
  233      0.8708     13.3429     23.4903      0.6785      23      1.1801
  234      2.1436     12.2987     21.1282      0.4154       7      0.8795
  235      0.0670     14.9672     18.7660      1.5159      39      1.2195
  236      0.0670     14.9672     23.4903      1.4349      23      1.1801
  237     -0.6029     16.8236     20.9970      0.9558       8      0.8416
  238     -0.6029     16.8236     21.2594      0.4742       8      0.8540
  239     -2.0766     18.6800     18.7660      0.8085      40      1.2194
  240     -2.1436     18.5640     18.7660      0.6769      40      1.2194
  241     -0.8038     17.1717     20.9970      0.5826       8      0.8416
  242     -0.8038     17.1717     21.2594      0.4507       8      0.8541
  243     -2.1436     18.5640     23.4903      0.6786      24      1.1801
  244     -0.8708     17.5198     21.1282      0.4180       8      0.8795
  245      9.0432      1.7404     20.2096      1.7678       5      0.8784
  246      6.0288      6.9615     20.2096      1.7680       6      0.8784
  247      3.0144     12.1826     20.2096      1.7726       7      0.8784
  248      0.0000     17.4037     20.2096      1.7674       8      0.8784
  249      9.0432      1.5083     21.9156      0.5950       5      0.8596
  250      6.0288      6.7294     21.9156      0.5950       6      0.8596
  251      3.0144     11.9506     21.9156      0.5950       7      0.8596
  252      0.0000     17.1717     21.9156      0.5950       8      0.8596
  253      6.9666      3.0167     23.4903      0.8339      21      1.1801
  254      3.9522      8.2378     23.4903      0.8336      22      1.1801
  255      0.9378     13.4589     23.4903      0.8340      23      1.1801
  256     -2.0766     18.6800     23.4903      0.8339      24      1.1801
  257      6.0288      3.4808     18.1099      0.0994      37      0.0299
  258      6.0288      3.4808     24.0153      0.1001      21      0.0208
  259      3.0144      8.7019     18.1099      0.0994      38      0.0299
  260      3.0144      8.7019     24.0153      0.1001      22      0.0208
  261      0.0000     13.9230     18.1099      0.0994      39      0.0299
  262      0.0000     13.9230     24.0153      0.1001      23      0.0208
  263     -3.0144     19.1441     18.1099      0.0994      40      0.0299
  264     -3.0144     19.1441     24.0153      0.1001      24      0.0208
  265      8.8423      1.3923     20.3408      0.2718       5      0.8484
  266      5.8279      6.6134     20.3408      0.2720       6      0.8484
  267      2.8135     11.8346     20.3408      0.2701       7      0.8484
  268     -0.2010     17.0557     20.3408      0.2718       8      0.8484
  269      8.8423      1.8564     21.9156      0.4569       5      0.8596
  270      6.3638      6.1493     21.1282      0.3931       6      0.8794
  271      5.8279      7.0775     21.9156      0.4569       6      0.8596
  272      3.3494     11.3704     21.1282      0.3950       7      0.8794
  273      2.8135     12.2987     21.9156      0.4569       7      0.8596
  274      0.3349     16.5916     21.1282      0.3953       8      0.8794
  275     -0.2010     17.5198     21.9156      0.4569       8      0.8596
  276      9.3782      0.9282     21.1282      0.3953       5      0.8795
  277      6.8997      2.9006     17.7162      0.0194      37      1.1289
  278      3.8852      8.1218     17.7162      0.0194      38      1.1289
  279      0.8708     13.3429     17.7162      0.0194      39      1.1289
  280     -2.1436     18.5640     17.7162      0.0193      40      1.1288
  281      8.5073      2.4365     21.1282      0.3977       5      0.8794
  282      5.4929      7.6577     21.1282      0.4050       6      0.8795
  283      2.4785     12.8788     21.1282      0.3977       7      0.8795
  284     -0.5359     18.0999     21.1282      0.3977       8      0.8795
  285      6.9666      3.0167     17.7162      0.0196      37      1.1289
  286      3.9522      8.2378     17.7162      0.0197      38      1.1289
  287      0.9378     13.4589     17.7162      0.0197      39      1.1289
  288     -2.0766     18.6800     17.7162      0.0196      40      1.1288
  289      8.8423      2.5526     21.2594      0.4523       5      0.8541
  290      5.8279      7.7737     21.2594      0.4495       6      0.8541
  291      2.8135     12.9948     21.2594      0.4499       7      0.8541
  292     -0.2010     18.2159     21.2594      0.4498       8      0.8541
  293      8.8423      2.5526     20.9970      0.5867       5      0.8416
  294      6.6317      6.3814     20.9970      0.6946       6      0.8416
  295      5.8279      7.7737     20.9970      0.5881       6      0.8416
  296      3.6173     11.6025     20.9970      0.6946       7      0.8416
  297      2.8135     12.9948     20.9970      0.5879       7      0.8416
  298      0.6029     16.8236     20.9970      0.6946       8      0.8416
  299     -0.2010     18.2159     20.9970      0.5881       8      0.8416
  300      9.6461      1.1603     20.9970      0.6946       5      0.8416
  301      9.2442      1.6243     21.9156      0.2876       5      0.8596
  302      6.2298      6.8455     21.9156      0.2876       6      0.8596
  303      3.2154     12.0666     21.9156      0.2876       7      0.8596
  304      0.2010     17.2877     21.9156      0.2876       8      0.8596
  305      9.6461      1.1603     21.2594      0.2765       5      0.8541
  306     11.9237      3.4808     17.0600      1.9255      41      1.0881
  307      6.6317      6.3814     21.2594      0.2759       6      0.8541
  308      3.6173     11.6025     21.2594      0.2765       7      0.8540
  309      5.8949     13.9230     17.0600      1.9256      43      1.0881
  310      0.6029     16.8236     21.2594      0.2765       8      0.8540
  311      2.8804     19.1441     17.0600      1.9260      44      1.0881
  312      9.2442      1.8564     21.9156      0.5960       5      0.8596
  313     12.0577      3.4808     25.1964      2.0996      25      1.1603
  314      6.2298      7.0775     21.9156      0.5968       6      0.8596
  315      9.0432      8.7019     25.1964      2.0996      26      1.1603
  316      3.2154     12.2987     21.9156      0.5945       7      0.8596
  317      6.0288     13.9230     25.1964      2.0984      27      1.1603
  318      0.2010     17.5198     21.9156      0.5945       8      0.8596
  319      3.0144     19.1441     25.1964      2.0981      28      1.1603
  320      8.9093      8.7019     17.0600      1.9252      42      1.0881
  321      9.8471      1.5083     20.9970      0.7248       5      0.8416
  322      9.8471      1.5083     21.2594      0.3074       5      0.8541
  323     11.1868      2.9006     18.7660      1.5180      41      1.2194
  324     11.1868      2.9006     23.4903      1.4478      25      1.1801
  325      9.2442      2.0884     20.3408      0.3042       5      0.8484
  326      9.2442      2.5526     20.9970      0.9362       5      0.8416
  327      9.2442      2.5526     21.2594      0.4731       5      0.8541
  328      8.1054      8.2378     18.7660      1.5183      42      1.2194
  329      6.8327      6.7294     20.9970      0.7248       6      0.8416
  330      6.8327      6.7294     21.2594      0.3080       6      0.8541
  331      8.1724      8.1218     23.4903      1.4388      26      1.1801
  332      6.2298      7.3096     20.3408      0.3042       6      0.8484
  333      6.2298      7.7737     20.9970      0.9360       6      0.8416
  334      6.2298      7.7737     21.2594      0.4752       6      0.8541
  335      3.8183     11.9506     20.9970      0.7223       7      0.8416
  336      3.8183     11.9506     21.2594      0.3105       7      0.8541
  337      5.1580     13.3429     18.7660      1.5179      43      1.2194
  338      5.1580     13.3429     23.4903      1.4492      27      1.1801
  339      3.2154     12.5307     20.3408      0.3055       7      0.8484
  340      3.2154     12.9948     20.9970      0.9363       7      0.8416
  341      3.2154     12.9948     21.2594      0.4766       7      0.8541
  342      0.8038     17.1717     20.9970      0.7232       8      0.8416
  343      0.8038     17.1717     21.2594      0.3105       8      0.8541
  344      2.1436     18.5640     18.7660      1.5175      44      1.2194
  345      2.1436     18.5640     23.4903      1.4495      28      1.1801
  346      0.2010     17.7518     20.3408      0.3041       8      0.8484
  347      0.2010     18.2159     20.9970      0.9354       8      0.8416
  348      0.2010     18.2159     21.2594      0.4786       8      0.8541
  349      9.9141      1.8564     21.1282      0.4164       5      0.8795
  350      6.8997      7.0775     21.1282      0.4148       6      0.8795
  351      3.8852     12.2987     21.1282      0.4120       7      0.8795
  352      0.8708     17.5198     21.1282      0.4135       8      0.8795
  353      3.0814     20.1883     18.7660      1.5159      44      1.2195
  354     14.4692      1.1603     20.9970      0.9545       9      0.8416
  355     14.4692      1.1603     21.2594      0.4742       9      0.8540
  356      3.0814     20.1883     23.4903      1.4348      28      1.1802
  357     12.9955      3.0167     18.7660      0.7916      41      1.2195
  358     12.9285      2.9006     18.7660      0.6939      41      1.2195
  359     14.2682      1.5083     20.9970      0.5845       9      0.8416
  360     14.2682      1.5083     21.2594      0.4482       9      0.8540
  361     12.9285      2.9006     23.4903      0.6784      25      1.1801
  362     14.2012      1.8564     21.1282      0.4184       9      0.8794
  363     12.1246      4.5250     18.7660      1.5154      41      1.2195
  364     12.1246      4.5250     23.4903      1.4356      25      1.1801
  365     11.4548      6.3814     20.9970      0.9553      10      0.8416
  366     11.4548      6.3814     21.2594      0.4727      10      0.8540
  367      9.9811      8.2378     18.7660      0.8055      42      1.2195
  368      9.9141      8.1218     18.7660      0.6798      42      1.2195
  369     11.2538      6.7294     20.9970      0.5853      10      0.8416
  370     11.2538      6.7294     21.2594      0.4509      10      0.8540
  371      9.9141      8.1218     23.4903      0.6876      26      1.1801
  372     11.1868      7.0775     21.1282      0.4164      10      0.8794
  373      9.1102      9.7461     18.7660      1.5160      42      1.2195
  374      9.1102      9.7461     23.4903      1.4255      26      1.1801
  375      8.4404     11.6025     20.9970      0.9560      11      0.8416
  376      8.4404     11.6025     21.2594      0.4748      11      0.8540
  377      6.9666     13.4589     18.7660      0.8085      43      1.2194
  378      6.8997     13.3429     18.7660      0.6768      43      1.2194
  379      8.2394     11.9506     20.9970      0.5832      11      0.8416
  380      8.2394     11.9506     21.2594      0.4500      11      0.8540
  381      6.8997     13.3429     23.4903      0.6787      27      1.1801
  382      8.1724     12.2987     21.1282      0.4177      11      0.8794
  383      6.0958     14.9672     18.7660      1.5159      43      1.2195
  384      6.0958     14.9672     23.4903      1.4349      27      1.1802
  385      5.4259     16.8236     20.9970      0.9546      12      0.8416
  386      5.4259     16.8236     21.2594      0.4732      12      0.8540
  387      3.9522     18.6800     18.7660      0.8085      44      1.2194
  388      3.8852     18.5640     18.7660      0.6769      44      1.2194
  389      5.2250     17.1717     20.9970      0.5846      12      0.8416
  390      5.2250     17.1717     21.2594      0.4481      12      0.8540
  391      3.8852     18.5640     23.4903      0.6785      28      1.1801
  392      5.1580     17.5198     21.1282      0.4184      12      0.8794
  393     15.0721      1.7404     20.2096      1.7708       9      0.8784
  394     12.0577      6.9615     20.2096      1.7677      10      0.8784
  395      9.0432     12.1826     20.2096      1.7702      11      0.8784
  396      6.0288     17.4037     20.2096      1.7700      12      0.8784
  397     15.0721      1.5083     21.9156      0.5950       9      0.8596
  398     12.0577      6.7294     21.9156      0.5958      10      0.8596
  399      9.0432     11.9506     21.9156      0.5950      11      0.8596
  400      6.0288     17.1717     21.9156      0.5958      12      0.8596
  401     12.9955      3.0167     23.4903      0.8336      25      1.1801
  402      9.9811      8.2378     23.4903      0.8434      26      1.1801
  403      6.9666     13.4589     23.4903      0.8337      27      1.1801
  404      3.9522     18.6800     23.4903      0.8340      28      1.1801
  405     12.0577      3.4808     18.1099      0.0994      41      0.0299
  406     12.0577      3.4808     24.0153      0.1001      25      0.0208
  407      9.0432      8.7019     18.1099      0.0994      42      0.0299
  408      9.0432      8.7019     24.0153      0.1001      26      0.0208
  409      6.0288     13.9230     18.1099      0.0994      43      0.0299
  410      6.0288     13.9230     24.0153      0.1001      27      0.0208
  411      3.0144     19.1441     18.1099      0.0994      44      0.0299
  412      3.0144     19.1441     24.0153      0.1001      28      0.0208
  413     14.8711      1.3923     20.3408      0.2712       9      0.8484
  414     11.8567      6.6134     20.3408      0.2718      10      0.8484
  415      8.8423     11.8346     20.3408      0.2716      11      0.8484
  416      5.8279     17.0557     20.3408      0.2717      12      0.8484
  417     14.8711      1.8564     21.9156      0.4569       9      0.8596
  418     12.3926      6.1493     21.1282      0.3953      10      0.8794
  419     11.8567      7.0775     21.9156      0.4569      10      0.8596
  420      9.3782     11.3704     21.1282      0.3935      11      0.8794
  421      8.8423     12.2987     21.9156      0.4569      11      0.8596
  422      6.3638     16.5916     21.1282      0.3954      12      0.8794
  423      5.8279     17.5198     21.9156      0.4569      12      0.8596
  424     15.4070      0.9282     21.1282      0.3954       9      0.8795
  425     12.9285      2.9006     17.7162      0.0194      41      1.1289
  426      9.9141      8.1218     17.7162      0.0193      42      1.1289
  427      6.8997     13.3429     17.7162      0.0194      43      1.1289
  428      3.8852     18.5640     17.7162      0.0193      44      1.1289
  429     14.5362      2.4365     21.1282      0.3977       9      0.8794
  430     11.5218      7.6577     21.1282      0.3977      10      0.8795
  431      8.5073     12.8788     21.1282      0.3977      11      0.8795
  432      5.4929     18.0999     21.1282      0.3977      12      0.8795
  433     12.9955      3.0167     17.7162      0.0197      41      1.1289
  434      9.9811      8.2378     17.7162      0.0197      42      1.1289
  435      6.9666     13.4589     17.7162      0.0197      43      1.1289
  436      3.9522     18.6800     17.7162      0.0196      44      1.1289
  437     14.8711      2.5526     21.2594      0.4471       9      0.8541
  438     11.8567      7.7737     21.2594      0.4498      10      0.8541
  439      8.8423     12.9948     21.2594      0.4498      11      0.8541
  440      5.8279     18.2159     21.2594      0.4503      12      0.8541
  441     14.8711      2.5526     20.9970      0.5891       9      0.8416
  442     12.6605      6.3814     20.9970      0.6946      10      0.8416
  443     11.8567      7.7737     20.9970      0.5881      10      0.8416
  444      9.6461     11.6025     20.9970      0.6946      11      0.8416
  445      8.8423     12.9948     20.9970      0.5884      11      0.8416
  446      6.6317     16.8236     20.9970      0.6945      12      0.8416
  447      5.8279     18.2159     20.9970      0.5879      12      0.8416
  448     15.6750      1.1603     20.9970      0.6945       9      0.8416
  449     15.2730      1.6243     21.9156      0.2876       9      0.8596
  450     12.2586      6.8455     21.9156      0.2876      10      0.8596
  451      9.2442     12.0666     21.9156      0.2876      11      0.8596
  452      6.2298     17.2877     21.9156      0.2876      12      0.8596
  453     15.6750      1.1603     21.2594      0.2766       9      0.8541
  454     12.6605      6.3814     21.2594      0.2765      10      0.8541
  455      9.6461     11.6025     21.2594      0.2759      11      0.8541
  456      6.6317     16.8236     21.2594      0.2760      12      0.8540
  457     15.2730      1.8564     21.9156      0.5945       9      0.8596
  458     12.2586      7.0775     21.9156      0.5960      10      0.8596
  459      9.2442     12.2987     21.9156      0.5945      11      0.8596
  460      6.2298     17.5198     21.9156      0.5957      12      0.8596
  461     15.8759      1.5083     20.9970      0.7227       9      0.8416
  462     15.8759      1.5083     21.2594      0.3105       9      0.8541
  463     17.2157      2.9006     18.7660      1.5182      45      1.2194
  464     17.2157      2.9006     23.4903      1.4490      29      1.1801
  465     15.2730      2.0884     20.3408      0.3060       9      0.8484
  466     15.2730      2.5526     20.9970      0.9356       9      0.8416
  467     15.2730      2.5526     21.2594      0.4791       9      0.8541
  468     12.8615      6.7294     20.9970      0.7248      10      0.8416
  469     12.8615      6.7294     21.2594      0.3074      10      0.8541
  470     14.2012      8.1218     18.7660      1.5181      46      1.2194
  471     14.2012      8.1218     23.4903      1.4499      30      1.1801
  472     12.2586      7.3096     20.3408      0.3040      10      0.8484
  473     12.2586      7.7737     20.9970      0.9344      10      0.8416
  474     12.2586      7.7737     21.2594      0.4779      10      0.8541
  475      9.8471     11.9506     20.9970      0.7217      11      0.8416
  476      9.8471     11.9506     21.2594      0.3110      11      0.8541
  477     11.1868     13.3429     18.7660      1.5173      47      1.2194
  478     11.1868     13.3429     23.4903      1.4494      31      1.1801
  479      9.2442     12.5307     20.3408      0.3062      11      0.8484
  480      9.2442     12.9948     20.9970      0.9366      11      0.8416
  481      9.2442     12.9948     21.2594      0.4777      11      0.8541
  482      6.8327     17.1717     20.9970      0.7228      12      0.8416
  483      6.8327     17.1717     21.2594      0.3096      12      0.8541
  484      8.1724     18.5640     18.7660      1.5179      48      1.2194
  485      8.1724     18.5640     23.4903      1.4480      32      1.1801
  486      6.2298     17.7518     20.3408      0.3055      12      0.8484
  487      6.2298     18.2159     20.9970      0.9367      12      0.8416
  488      6.2298     18.2159     21.2594      0.4767      12      0.8541
  489     15.9429      1.8564     21.1282      0.4115       9      0.8795
  490     12.9285      7.0775     21.1282      0.4146      10      0.8795
  491      9.9141     12.2987     21.1282      0.4110      11      0.8795
  492      6.8997     17.5198     21.1282      0.4116      12      0.8795
  493      9.1102     20.1883     18.7660      1.5159      48      1.2195
  494     20.4980      1.1603     20.9970      0.9570      13      0.8416
  495     20.4980      1.1603     21.2594      0.4736      13      0.8540
  496      9.1102     20.1883     23.4903      1.4348      32      1.1802
  497     19.0243      3.0167     18.7660      0.7924      45      1.2195
  498     18.9573      2.9006     18.7660      0.6928      45      1.2195
  499     20.2971      1.5083     20.9970      0.5819      13      0.8416
  500     20.2971      1.5083     21.2594      0.4485      13      0.8540
  501     18.9573      2.9006     23.4903      0.6787      29      1.1801
  502     20.2301      1.8564     21.1282      0.4186      13      0.8794
  503     18.1535      4.5250     18.7660      1.5162      45      1.2195
  504     18.1535      4.5250     23.4903      1.4349      29      1.1801
  505     17.4836      6.3814     20.9970      0.9553      14      0.8416
  506     17.4836      6.3814     21.2594      0.4758      14      0.8540
  507     16.0099      8.2378     18.7660      0.7922      46      1.2195
  508     15.9429      8.1218     18.7660      0.6935      46      1.2195
  509     17.2826      6.7294     20.9970      0.5872      14      0.8416
  510     17.2826      6.7294     21.2594      0.4476      14      0.8540
  511     15.9429      8.1218     23.4903      0.6783      30      1.1801
  512     17.2157      7.0775     21.1282      0.4179      14      0.8794
  513     15.1391      9.7461     18.7660      1.5154      46      1.2195
  514     15.1391      9.7461     23.4903      1.4350      30      1.1801
  515     14.4692     11.6025     20.9970      0.9577      15      0.8416
  516     14.4692     11.6025     21.2594      0.4695      15      0.8540
  517     12.9955     13.4589     18.7660      0.8077      47      1.2194
  518     12.9285     13.3429     18.7660      0.6778      47      1.2194
  519     14.2682     11.9506     20.9970      0.5834      15      0.8416
  520     14.2682     11.9506     21.2594      0.4528      15      0.8540
  521     12.9285     13.3429     23.4903      0.6786      31      1.1801
  522     14.2012     12.2987     21.1282      0.4194      15      0.8794
  523     12.1246     14.9672     18.7660      1.5159      47      1.2195
  524     12.1246     14.9672     23.4903      1.4349      31      1.1802
  525     11.4548     16.8236     20.9970      0.9558      16      0.8416
  526     11.4548     16.8236     21.2594      0.4744      16      0.8540
  527      9.9811     18.6800     18.7660      0.8095      48      1.2194
  528      9.9141     18.5640     18.7660      0.6758      48      1.2194
  529     11.2538     17.1717     20.9970      0.5813      16      0.8416
  530     11.2538     17.1717     21.2594      0.4504      16      0.8540
  531      9.9141     18.5640     23.4903      0.6785      32      1.1801
  532     11.1868     17.5198     21.1282      0.4180      16      0.8794
  533     21.1009      1.5083     21.9156      0.5950      13      0.8596
  534     18.0865      6.7294     21.9156      0.5953      14      0.8596
  535     15.0721     11.9506     21.9156      0.5957      15      0.8596
  536     12.0577     17.1717     21.9156      0.5950      16      0.8596
  537     19.0243      3.0167     23.4903      0.8339      29      1.1801
  538     16.0099      8.2378     23.4903      0.8339      30      1.1801
  539     12.9955     13.4589     23.4903      0.8339      31      1.1801
  540      9.9811     18.6800     23.4903      0.8340      32      1.1801
  541     18.0865      3.4808     18.1099      0.0994      45      0.0299
  542     18.0865      3.4808     24.0153      0.1001      29      0.0208
  543     15.0721      8.7019     18.1099      0.0994      46      0.0299
  544     15.0721      8.7019     24.0153      0.1001      30      0.0208
  545     12.0577     13.9230     18.1099      0.0994      47      0.0299
  546     12.0577     13.9230     24.0153      0.1001      31      0.0208
  547      9.0432     19.1441     18.1099      0.0994      48      0.0299
  548      9.0432     19.1441     24.0153      0.1001      32      0.0208
  549     20.8999      1.3923     20.3408      0.2709      13      0.8484
  550     17.8855      6.6134     20.3408      0.2697      14      0.8484
  551     14.8711     11.8346     20.3408      0.2698      15      0.8484
  552     11.8567     17.0557     20.3408      0.2718      16      0.8484
  553     20.8999      1.8564     21.9156      0.4569      13      0.8596
  554     18.4214      6.1493     21.1282      0.3944      14      0.8794
  555     17.8855      7.0775     21.9156      0.4569      14      0.8596
  556     15.4070     11.3704     21.1282      0.3952      15      0.8794
  557     14.8711     12.2987     21.9156      0.4569      15      0.8596
  558     12.3926     16.5916     21.1282      0.3953      16      0.8794
  559     11.8567     17.5198     21.9156      0.4569      16      0.8596
  560     21.4358      0.9282     21.1282      0.3954      13      0.8795
  561     18.9573      2.9006     17.7162      0.0194      45      1.1289
  562     15.9429      8.1218     17.7162      0.0195      46      1.1289
  563     12.9285     13.3429     17.7162      0.0195      47      1.1289
  564      9.9141     18.5640     17.7162      0.0193      48      1.1289
  565     20.5650      2.4365     21.1282      0.3977      13      0.8794
  566     17.5506      7.6577     21.1282      0.3977      14      0.8795
  567     14.5362     12.8788     21.1282      0.3977      15      0.8795
  568     11.5218     18.0999     21.1282      0.3977      16      0.8795
  569     19.0243      3.0167     17.7162      0.0197      45      1.1289
  570     16.0099      8.2378     17.7162      0.0196      46      1.1289
  571     12.9955     13.4589     17.7162      0.0192      47      1.1289
  572      9.9811     18.6800     17.7162      0.0197      48      1.1289
  573     20.8999      2.5526     21.2594      0.4499      13      0.8541
  574     17.8855      7.7737     21.2594      0.4498      14      0.8541
  575     14.8711     12.9948     21.2594      0.4498      15      0.8541
  576     11.8567     18.2159     21.2594      0.4498      16      0.8541
  577     20.8999      2.5526     20.9970      0.5860      13      0.8416
  578     18.6894      6.3814     20.9970      0.6943      14      0.8416
  579     17.8855      7.7737     20.9970      0.5881      14      0.8416
  580     15.6750     11.6025     20.9970      0.6946      15      0.8416
  581     14.8711     12.9948     20.9970      0.5880      15      0.8416
  582     12.6605     16.8236     20.9970      0.6898      16      0.8416
  583     11.8567     18.2159     20.9970      0.5881      16      0.8416
  584     21.7038      1.1603     20.9970      0.6945      13      0.8416
  585     21.3019      1.6243     21.9156      0.2876      13      0.8596
  586     18.2875      6.8455     21.9156      0.2876      14      0.8596
  587     15.2730     12.0666     21.9156      0.2876      15      0.8596
  588     12.2586     17.2877     21.9156      0.2876      16      0.8596
  589     21.7038      1.1603     21.2594      0.2766      13      0.8541
  590     18.6894      6.3814     21.2594      0.2766      14      0.8541
  591     15.6750     11.6025     21.2594      0.2765      15      0.8541
  592     12.6605     16.8236     21.2594      0.2766      16      0.8540
  -------------------------------------------------------------------------
